70.920 -38.797 14.354 99.323 90.374 7.581
-37.507 -3.263 40.079 27.999 65.213 -55.552
-41.481 -47.673 -43.366 54.689 99.459 1.363 10.860 -26.921 78.943 -87.339 -62.690 52.489 -13.021 -38.808 66.681 25.195
-24.714 -93.885 34.702 75.079 22.874 -79.804 73.032 18.726 -53.350 -43.541 -32.073 11.048 -87.024 99.326 5.624
-49.179 31.764 36.804 -30.343 15.519 -17.455 92.396 -84.335 -60.288 -16.960 -52.185 66.212 -14.092 29.868 -57.378
74.068 94.381 -36.920 58.358 -11.288 -62.475 8.856 -2.746 -97.319 -58.206
-91.339 39.247 -17.580 -41.734 99.914 46.262 -76.254 52.777 -4.526 98.725 90.015 -65.640 81.385 53.506 -98.569 -69.379 -32.160 -68.334 -91.300 37.184
-48.241 93.931 -74.587 59.312 -61.377 59.287 -31.261 -58.045 -99.255 66.290 -69.376 -99.620 -48.639 -91.759 92.723 -68.803 9.443 -13.547
73.513 54.086 -99.842 50.657 36.038 29.442 -100.042 61.223 -12.508 4.735 -8.806 70.578 64.949 -40.040
94.418 -1.167 -64.248 25.206 -5.686 -70.931 31.670 -11.150 64.362 11.408 -54.832 76.877 50.387 -57.162 -3.590 84.159 76.931 -41.505 -55.822 1.553
-72.939 -69.738 87.533 39.380 76.223 -38.769 81.834 22.056 -48.771 41.012
-59.926 4.088 84.472 9.334 64.670 -58.357 -8.444 94.764 -7.448 -79.738 -99.106 -66.641 64.085 52.124 26.200 -38.648 -40.057 -39.240
51.289 92.957 -44.588 -22.363 -7.677 -91.660 -3.209 28.583 -76.059 89.068 60.716 7.156 62.376 -42.328 88.843 54.575 -70.437
29.213 -76.024 -99.473 -54.531 94.851 87.175 13.705 91.015 49.709 -91.639 -0.970
54.510 11.112 -87.687 -34.335 -29.624 76.177 -12.745 66.778 3.926 -14.670 -41.340 15.690 61.905
87.601 -29.339 -15.136 44.797 -39.293 85.411 -27.395 -86.835 -15.293 -21.200 73.669
-85.533 81.171 -50.897 6.443 92.047 77.817 56.142 87.402 38.572 -72.835 75.128 66.543 -62.625 23.308 68.887 12.861 52.714 -14.405
-50.891 28.876 4.094 17.520 -18.723 13.026 80.750 -23.799 -19.236 -98.067 -17.592 -11.450 87.874 -88.609
25.758 82.552 -100.920 -16.090 54.310 -85.943 -55.805 -8.041 42.817 71.540 -85.383 -100.247 -62.375 -94.682
19.714 -54.338 63.301 -28.880 6.765 -51.723 51.629 -92.016 55.277 62.869 2.807 -36.177 -93.694 99.356
-23.733 54.526 -75.393 -4.963 56.560 -94.807 -0.754 29.234 69.662 -72.204 -51.996 30.904 15.230 -1.977 -80.500 -0.265 99.638
-62.772 -28.510 -86.655 36.598 -58.312 -57.509 -15.243 -27.473 30.205 95.602 -23.005 60.351 -93.066 -71.549